-- MySQL dump 10.13  Distrib 8.0.25, for macos11 (x86_64)
--
-- Host: j6b102.p.ssafy.io    Database: buur
-- ------------------------------------------------------
-- Server version	8.0.28

/*!40101 SET @OLD_CHARACTER_SET_CLIENT=@@CHARACTER_SET_CLIENT */;
/*!40101 SET @OLD_CHARACTER_SET_RESULTS=@@CHARACTER_SET_RESULTS */;
/*!40101 SET @OLD_COLLATION_CONNECTION=@@COLLATION_CONNECTION */;
/*!50503 SET NAMES utf8 */;
/*!40103 SET @OLD_TIME_ZONE=@@TIME_ZONE */;
/*!40103 SET TIME_ZONE='+00:00' */;
/*!40014 SET @OLD_UNIQUE_CHECKS=@@UNIQUE_CHECKS, UNIQUE_CHECKS=0 */;
/*!40014 SET @OLD_FOREIGN_KEY_CHECKS=@@FOREIGN_KEY_CHECKS, FOREIGN_KEY_CHECKS=0 */;
/*!40101 SET @OLD_SQL_MODE=@@SQL_MODE, SQL_MODE='NO_AUTO_VALUE_ON_ZERO' */;
/*!40111 SET @OLD_SQL_NOTES=@@SQL_NOTES, SQL_NOTES=0 */;

--
-- Table structure for table `similar_beer`
--

DROP TABLE IF EXISTS `similar_beer`;
/*!40101 SET @saved_cs_client     = @@character_set_client */;
/*!50503 SET character_set_client = utf8mb4 */;
CREATE TABLE `similar_beer` (
  `similar_id` bigint NOT NULL AUTO_INCREMENT,
  `origin` bigint DEFAULT NULL,
  `similar` bigint DEFAULT NULL,
  `score` double DEFAULT NULL,
  PRIMARY KEY (`similar_id`),
  KEY `FKbxigd7locn2629jofsoi2auuw` (`origin`),
  KEY `FK6y93puf239uw9feh6ir30akex` (`similar`),
  CONSTRAINT `FK6y93puf239uw9feh6ir30akex` FOREIGN KEY (`similar`) REFERENCES `beer` (`beer_id`),
  CONSTRAINT `FKbxigd7locn2629jofsoi2auuw` FOREIGN KEY (`origin`) REFERENCES `beer` (`beer_id`)
) ENGINE=InnoDB AUTO_INCREMENT=1309 DEFAULT CHARSET=utf8mb4 COLLATE=utf8mb4_0900_ai_ci;
/*!40101 SET character_set_client = @saved_cs_client */;

--
-- Dumping data for table `similar_beer`
--

LOCK TABLES `similar_beer` WRITE;
/*!40000 ALTER TABLE `similar_beer` DISABLE KEYS */;
INSERT INTO `similar_beer` VALUES (1,1,98,0.999962070686297),(2,1,62,0.9999151635514819),(3,1,57,0.9998561381021988),(4,1,92,0.9993949535983881),(5,1,46,0.9987976417719885),(6,1,47,0.9987976417719885),(7,1,3,0.9983625387910104),(8,1,8,0.9980215623324896),(9,1,25,0.9977837799441128),(10,1,104,0.9976062123695105),(11,1,78,0.9973052130583198),(12,1,95,0.997176308340552),(13,2,87,0.9999764115046388),(14,2,103,0.9999665911276985),(15,2,49,0.9999596214449119),(16,2,48,0.9999556195403168),(17,2,97,0.999941316980441),(18,2,86,0.9998318039041487),(19,2,32,0.9997805526911688),(20,2,99,0.9996524629436092),(21,2,88,0.9990103348902812),(22,2,94,0.9988512069703839),(23,2,6,0.9984845796927557),(24,2,90,0.9983711148249156),(25,3,92,0.999735001429402),(26,3,31,0.9994301595994544),(27,3,33,0.9994275003709111),(28,3,89,0.9994072520568374),(29,3,95,0.9993117469868182),(30,3,57,0.9991891876376436),(31,3,30,0.9991833207158286),(32,3,108,0.9991833207158286),(33,3,84,0.9991760499357222),(34,3,38,0.9991393909033055),(35,3,76,0.9990860118557502),(36,3,28,0.9990859809027456),(37,4,83,0.9999714624642957),(38,4,63,0.9998682663365797),(39,4,94,0.9992416070788914),(40,4,90,0.9992266079466667),(41,4,81,0.9991724388541925),(42,4,76,0.9989316193686775),(43,4,105,0.998908400817845),(44,4,33,0.9987646426345919),(45,4,53,0.9987639098788799),(46,4,96,0.9986788206839261),(47,4,31,0.9985480784207778),(48,4,28,0.9983615959212185),(49,5,52,0.9998869545553701),(50,5,56,0.9997396714986286),(51,5,7,0.9994704047789299),(52,5,61,0.9978315112768614),(53,5,67,0.990546282445107),(54,5,64,0.9880513567301102),(55,5,69,0.9880513567301102),(56,5,71,0.9880513567301102),(57,5,65,0.9867710331538636),(58,5,66,0.9867710331538636),(59,5,106,0.981466467154228),(60,5,54,0.9788993891245904),(61,6,86,0.9989438412881609),(62,6,49,0.9987919764110678),(63,6,32,0.998743374206833),(64,6,87,0.9986959176624828),(65,6,48,0.9985598075074286),(66,6,88,0.9985533037350808),(67,6,2,0.9984845796927557),(68,6,103,0.9984643829692375),(69,6,94,0.9984488094649496),(70,6,97,0.9984434289019006),(71,6,70,0.9979991496365797),(72,6,99,0.9974804544461082),(73,7,5,0.9994704047789299),(74,7,61,0.9994449069791543),(75,7,52,0.9988681377244373),(76,7,56,0.998467747225554),(77,7,67,0.9944856197005438),(78,7,64,0.9925434552766405),(79,7,69,0.9925434552766405),(80,7,71,0.9925434552766405),(81,7,65,0.9915239775208115),(82,7,66,0.9915239775208115),(83,7,54,0.985030467155704),(84,7,106,0.9747107463343976),(85,8,78,0.9998785591432208),(86,8,46,0.999859064331595),(87,8,47,0.999859064331595),(88,8,104,0.9997471708633294),(89,8,100,0.9996652690780792),(90,8,38,0.9995322240874457),(91,8,109,0.99947986177175),(92,8,95,0.9993770617438328),(93,8,25,0.9992816713834681),(94,8,30,0.9990429514498043),(95,8,108,0.9990429514498043),(96,8,28,0.9988424108656992),(97,9,91,0.9951537147910111),(98,9,85,0.9897133957556229),(99,9,82,0.9884635702067844),(100,9,23,0.9854747181753798),(101,9,58,0.9845938070782725),(102,9,10,0.9819425799712783),(103,9,29,0.978683145754543),(104,9,15,0.9776206082211429),(105,9,50,0.9756787202768511),(106,9,27,0.9727513535519299),(107,9,51,0.9722118989260821),(108,9,11,0.9718702921035735),(109,10,23,0.9997736406172567),(110,10,82,0.9990924313010056),(111,10,25,0.9983017953825114),(112,10,104,0.997247187875928),(113,10,78,0.9963560155886564),(114,10,91,0.995767103304641),(115,10,8,0.9954009360058015),(116,10,98,0.9948456177733768),(117,10,46,0.9946263033322795),(118,10,47,0.9946263033322795),(119,10,36,0.9943182986229696),(120,10,109,0.9941254377290625),(121,11,50,0.9998376887454362),(122,11,80,0.9996655387401154),(123,11,79,0.9995344128662587),(124,11,19,0.9995087543042295),(125,11,27,0.9992471126687518),(126,11,60,0.9991060121596963),(127,11,15,0.9989754817587589),(128,11,29,0.996861162430074),(129,11,58,0.9963613546794262),(130,11,107,0.9935657576500483),(131,11,35,0.9929439307522167),(132,11,36,0.9917267151302291),(133,12,26,1),(134,12,43,1),(135,12,45,1),(136,12,93,0.9990300162159851),(137,12,17,0.9986876634765887),(138,12,75,0.9984791436856528),(139,12,20,0.9946917938265512),(140,12,102,0.9938481403823379),(141,12,44,0.9933457360331985),(142,12,59,0.9933457360331985),(143,12,55,0.991102914936711),(144,12,72,0.9899494936611665),(145,13,14,0.9995967058773382),(146,13,40,0.998274373174996),(147,13,41,0.998274373174996),(148,13,21,0.9965457582448797),(149,13,22,0.9965457582448797),(150,13,44,0.9891315765273102),(151,13,59,0.9891315765273102),(152,13,20,0.9872411207126471),(153,13,93,0.9761268978418268),(154,13,12,0.9656157585206698),(155,13,26,0.9656157585206698),(156,13,43,0.9656157585206698),(157,14,13,0.9995967058773382),(158,14,21,0.9985021523140875),(159,14,22,0.9985021523140875),(160,14,40,0.9962042085185943),(161,14,41,0.9962042085185943),(162,14,44,0.9929080569001801),(163,14,59,0.9929080569001801),(164,14,20,0.9913647966402722),(165,14,93,0.9819012263568809),(166,14,12,0.9726089628285196),(167,14,26,0.9726089628285196),(168,14,43,0.9726089628285196),(169,15,50,0.9995200437332242),(170,15,29,0.9993933741914534),(171,15,58,0.9990690782691451),(172,15,11,0.9989754817587589),(173,15,80,0.9986944742041887),(174,15,79,0.9973135412879257),(175,15,19,0.9970901654775027),(176,15,27,0.9970815495480481),(177,15,60,0.996513666019689),(178,15,35,0.9959225773246428),(179,15,42,0.9878699056279824),(180,15,107,0.9877115429881808),(193,17,75,0.9999923107384382),(194,17,12,0.9986876634765887),(195,17,26,0.9986876634765887),(196,17,43,0.9986876634765887),(197,17,45,0.9986876634765887),(198,17,102,0.9982159829412165),(199,17,55,0.9966188228199778),(200,17,72,0.9958932064677037),(201,17,93,0.9954637427426575),(202,17,106,0.9939269478115421),(203,17,20,0.9881164689548824),(204,17,44,0.9861437025208725),(205,18,34,0.9994895307988593),(206,18,105,0.9989623369841986),(207,18,96,0.9988400337013398),(208,18,109,0.997955425827604),(209,18,37,0.9979316119033464),(210,18,77,0.9973744232500232),(211,18,28,0.9972965800016425),(212,18,53,0.9972011592824235),(213,18,30,0.9971170374950012),(214,18,108,0.9971170374950012),(215,18,100,0.9970044473780953),(216,18,38,0.9968595495234648),(217,19,60,0.9998216356336035),(218,19,79,0.9997714734719021),(219,19,27,0.9997020741925678),(220,19,11,0.9995087543042295),(221,19,80,0.9989907462500274),(222,19,50,0.9989166059758305),(223,19,15,0.9970901654775027),(224,19,107,0.9961567685906854),(225,19,36,0.9947911836996168),(226,19,39,0.9944684539669622),(227,19,29,0.9938940101085636),(228,19,58,0.9934575732285043),(229,20,44,0.9999238008152206),(230,20,59,0.9999238008152206),(231,20,93,0.9982580593275788),(232,20,21,0.9970544855015815),(233,20,22,0.9970544855015815),(234,20,12,0.9946917938265512),(235,20,26,0.9946917938265512),(236,20,43,0.9946917938265512),(237,20,45,0.9946917938265512),(238,20,14,0.9913647966402722),(239,20,17,0.9881164689548824),(240,20,75,0.9875061031301204),(241,21,22,0.9999999999999999),(242,21,14,0.9985021523140875),(243,21,44,0.9979253089684582),(244,21,59,0.9979253089684582),(245,21,20,0.9970544855015815),(246,21,13,0.9965457582448797),(247,21,93,0.9907926817611218),(248,21,40,0.9899494936611665),(249,21,41,0.9899494936611665),(250,21,12,0.9838699100999074),(251,21,26,0.9838699100999074),(252,21,43,0.9838699100999074),(253,22,21,0.9999999999999999),(254,22,14,0.9985021523140875),(255,22,44,0.9979253089684582),(256,22,59,0.9979253089684582),(257,22,20,0.9970544855015815),(258,22,13,0.9965457582448797),(259,22,93,0.9907926817611218),(260,22,40,0.9899494936611665),(261,22,41,0.9899494936611665),(262,22,12,0.9838699100999074),(263,22,26,0.9838699100999074),(264,22,43,0.9838699100999074),(265,23,10,0.9997736406172567),(266,23,82,0.999515709669298),(267,23,91,0.997397698388301),(268,23,25,0.9970257530688734),(269,23,104,0.9955895767306865),(270,23,78,0.9944419143628943),(271,23,85,0.9944107970052455),(272,23,98,0.9937706412004156),(273,23,8,0.9933889149453026),(274,23,1,0.9928749421364237),(275,23,46,0.9926497122989445),(276,23,47,0.9926497122989445),(277,24,51,0.9941596936569089),(278,24,42,0.992259346407384),(279,24,35,0.9761571211524361),(280,24,29,0.9700394644137009),(281,24,58,0.9675453731931788),(282,24,15,0.9610207502241399),(283,24,50,0.9520186341383671),(284,24,80,0.9509808263765508),(285,24,9,0.9483798558790957),(286,24,11,0.948367286000844),(287,24,68,0.943879807448539),(288,24,79,0.9414813794980718),(289,25,104,0.9998384079637936),(290,25,78,0.9995477539036601),(291,25,8,0.9992816713834681),(292,25,46,0.9989430320474038),(293,25,47,0.9989430320474038),(294,25,109,0.9983576806615513),(295,25,10,0.9983017953825114),(296,25,98,0.9980117098471392),(297,25,100,0.9979783108248147),(298,25,1,0.9977837799441128),(299,25,38,0.9976552361006881),(300,25,57,0.9976308004160072),(301,26,12,1),(302,26,43,1),(303,26,45,1),(304,26,93,0.9990300162159851),(305,26,17,0.9986876634765887),(306,26,75,0.9984791436856528),(307,26,20,0.9946917938265512),(308,26,102,0.9938481403823379),(309,26,44,0.9933457360331985),(310,26,59,0.9933457360331985),(311,26,55,0.991102914936711),(312,26,72,0.9899494936611665),(313,27,60,0.9999415809235853),(314,27,19,0.9997020741925678),(315,27,11,0.9992471126687518),(316,27,79,0.9990006867780584),(317,27,50,0.9989557198012864),(318,27,80,0.9981218861358554),(319,27,15,0.9970815495480481),(320,27,36,0.995870192104721),(321,27,39,0.9953857343168133),(322,27,107,0.994408881791171),(323,27,58,0.9941754592237312),(324,27,29,0.9938317459836388),(325,28,30,0.999988998736924),(326,28,108,0.999988998736924),(327,28,53,0.9999690547281971),(328,28,95,0.9999014529136018),(329,28,38,0.9998452768116625),(330,28,100,0.9997441246655571),(331,28,105,0.9994265178119949),(332,28,3,0.9990859809027456),(333,28,33,0.9990248109797051),(334,28,63,0.9989361107746009),(335,28,46,0.9989238949400268),(336,28,47,0.9989238949400268),(337,29,58,0.999482998095256),(338,29,15,0.9993933741914534),(339,29,50,0.9978348287361238),(340,29,35,0.9975602436289969),(341,29,80,0.9968808613039533),(342,29,11,0.996861162430074),(343,29,79,0.9944740859129514),(344,29,19,0.9938940101085636),(345,29,27,0.9938317459836388),(346,29,60,0.9930035927305016),(347,29,42,0.9926422239688739),(348,29,51,0.990236011589807),(349,30,108,1),(350,30,28,0.999988998736924),(351,30,95,0.9999563035673168),(352,30,53,0.9999280835123081),(353,30,38,0.9999133307729418),(354,30,100,0.9998268066155385),(355,30,105,0.9992850761960947),(356,30,3,0.9991833207158286),(357,30,46,0.9991304562455042),(358,30,47,0.9991304562455042),(359,30,8,0.9990429514498043),(360,30,109,0.9989898670937661),(361,31,33,0.9999840997643656),(362,31,76,0.9999550001086194),(363,31,84,0.9999490110312228),(364,31,89,0.9999411948152599),(365,31,81,0.9998038139489984),(366,31,3,0.9994301595994544),(367,31,63,0.9992722872554791),(368,31,53,0.999038900524923),(369,31,28,0.998794740494306),(370,31,90,0.9987661436145655),(371,31,30,0.9987448157668175),(372,31,108,0.9987448157668175),(373,32,86,0.9999852986080776),(374,32,48,0.9999298112117383),(375,32,87,0.9998966242765704),(376,32,2,0.9997805526911688),(377,32,88,0.999722704562848),(378,32,49,0.9996732323675321),(379,32,103,0.9995934638601834),(380,32,97,0.9995181968554956),(381,32,99,0.9988813455228989),(382,32,6,0.998743374206833),(383,32,94,0.99797891781218),(384,32,90,0.9969582842473911),(385,33,31,0.9999840997643656),(386,33,76,0.9999546537349093),(387,33,84,0.9998851358278492),(388,33,89,0.9998649985442174),(389,33,81,0.9998076341503912),(390,33,63,0.999432444433809),(391,33,3,0.9994275003709111),(392,33,53,0.999255190809127),(393,33,28,0.9990248109797051),(394,33,30,0.9989668970817287),(395,33,108,0.9989668970817287),(396,33,95,0.998785923414857),(397,34,18,0.9994895307988593),(398,34,37,0.9994677845374204),(399,34,39,0.998784921988882),(400,34,36,0.9983377850525346),(401,34,109,0.9982990500844549),(402,34,77,0.997936228869066),(403,34,105,0.9976469446889046),(404,34,96,0.996792743311748),(405,34,100,0.9965974255717617),(406,34,78,0.9965231579522179),(407,34,38,0.9962571330600986),(408,34,28,0.9961942539067034),(409,35,29,0.9975602436289969),(410,35,15,0.9959225773246428),(411,35,42,0.9949072496088709),(412,35,58,0.994878861904636),(413,35,80,0.9947604305246595),(414,35,50,0.9934504427264369),(415,35,11,0.9929439307522167),(416,35,51,0.9915762147997665),(417,35,79,0.9913508953092598),(418,35,19,0.9892830551410948),(419,35,27,0.9876355979367234),(420,35,60,0.9870799978297465),(421,36,39,0.999949240927903),(422,36,37,0.9996811421536852),(423,36,34,0.9983377850525346),(424,36,109,0.9971856540226912),(425,36,78,0.996480871499345),(426,36,60,0.9962561384857737),(427,36,104,0.9962488267146014),(428,36,18,0.9960452335398549),(429,36,27,0.995870192104721),(430,36,25,0.9956347066386471),(431,36,77,0.9954448989467167),(432,36,8,0.9951960851365532),(433,37,39,0.9998602778419399),(434,37,36,0.9996811421536852),(435,37,34,0.9994677845374204),(436,37,109,0.9979337129442514),(437,37,18,0.9979316119033464),(438,37,77,0.9970898709453467),(439,37,78,0.9967098576704009),(440,37,104,0.9961987202005361),(441,37,8,0.9956883172620842),(442,37,100,0.9955894198650849),(443,37,105,0.995499235892231),(444,37,25,0.9951699075561892),(445,38,95,0.9999833436642261),(446,38,100,0.9999795477421417),(447,38,30,0.9999133307729418),(448,38,108,0.9999133307729418),(449,38,28,0.9998452768116625),(450,38,53,0.9996835287554907),(451,38,46,0.9995509869548898),(452,38,47,0.9995509869548898),(453,38,8,0.9995322240874457),(454,38,109,0.9993385479268541),(455,38,3,0.9991393909033055),(456,38,78,0.9990981711369868),(457,39,36,0.999949240927903),(458,39,37,0.9998602778419399),(459,39,34,0.998784921988882),(460,39,109,0.9972518985135753),(461,39,18,0.9967175986447897),(462,39,77,0.9963402817174045),(463,39,78,0.996277817322953),(464,39,104,0.9959239488155391),(465,39,60,0.9958804631323833),(466,39,27,0.9953857343168133),(467,39,25,0.9951288976955697),(468,39,8,0.9950380903466113),(469,40,41,1),(470,40,13,0.998274373174996),(471,40,14,0.9962042085185943),(472,40,21,0.9899494936611665),(473,40,22,0.9899494936611665),(474,40,44,0.9787906252528686),(475,40,59,0.9787906252528686),(476,40,20,0.9761870601839526),(477,40,93,0.9616879845288696),(478,40,12,0.9486832980505138),(479,40,26,0.9486832980505138),(480,40,43,0.9486832980505138),(481,41,40,1),(482,41,13,0.998274373174996),(483,41,14,0.9962042085185943),(484,41,21,0.9899494936611665),(485,41,22,0.9899494936611665),(486,41,44,0.9787906252528686),(487,41,59,0.9787906252528686),(488,41,20,0.9761870601839526),(489,41,93,0.9616879845288696),(490,41,12,0.9486832980505138),(491,41,26,0.9486832980505138),(492,41,43,0.9486832980505138),(493,42,51,0.9995209504790138),(494,42,35,0.9949072496088709),(495,42,29,0.9926422239688739),(496,42,24,0.992259346407384),(497,42,58,0.9908978385210365),(498,42,15,0.9878699056279824),(499,42,50,0.9826176556052862),(500,42,80,0.9819058312001357),(501,42,11,0.9804139147194466),(502,42,79,0.975955846998678),(503,42,19,0.9738173689269835),(504,42,27,0.973133059662053),(505,43,12,1),(506,43,26,1),(507,43,45,1),(508,43,93,0.9990300162159851),(509,43,17,0.9986876634765887),(510,43,75,0.9984791436856528),(511,43,20,0.9946917938265512),(512,43,102,0.9938481403823379),(513,43,44,0.9933457360331985),(514,43,59,0.9933457360331985),(515,43,55,0.991102914936711),(516,43,72,0.9899494936611665),(517,44,59,1),(518,44,20,0.9999238008152206),(519,44,21,0.9979253089684582),(520,44,22,0.9979253089684582),(521,44,93,0.9974536693264334),(522,44,12,0.9933457360331985),(523,44,26,0.9933457360331985),(524,44,43,0.9933457360331985),(525,44,45,0.9933457360331985),(526,44,14,0.9929080569001801),(527,44,13,0.9891315765273102),(528,44,17,0.9861437025208725),(529,45,12,1),(530,45,26,1),(531,45,43,1),(532,45,93,0.9990300162159851),(533,45,17,0.9986876634765887),(534,45,75,0.9984791436856528),(535,45,20,0.9946917938265512),(536,45,102,0.9938481403823379),(537,45,44,0.9933457360331985),(538,45,59,0.9933457360331985),(539,45,55,0.991102914936711),(540,45,72,0.9899494936611665),(541,46,47,1.0000000000000002),(542,46,8,0.999859064331595),(543,46,100,0.9995945681905031),(544,46,38,0.9995509869548898),(545,46,78,0.999496597324726),(546,46,92,0.9994952584663132),(547,46,95,0.9994765598427215),(548,46,104,0.9993825966234544),(549,46,57,0.9992232188489127),(550,46,30,0.9991304562455042),(551,46,108,0.9991304562455042),(552,46,3,0.9990819919893795),(553,47,46,1.0000000000000002),(554,47,8,0.999859064331595),(555,47,100,0.9995945681905031),(556,47,38,0.9995509869548898),(557,47,78,0.999496597324726),(558,47,92,0.9994952584663132),(559,47,95,0.9994765598427215),(560,47,104,0.9993825966234544),(561,47,57,0.9992232188489127),(562,47,30,0.9991304562455042),(563,47,108,0.9991304562455042),(564,47,3,0.9990819919893795),(565,48,87,0.9999906360250042),(566,48,2,0.9999556195403168),(567,48,86,0.9999439145343393),(568,48,32,0.9999298112117383),(569,48,49,0.9998703870263502),(570,48,103,0.9998478284143413),(571,48,97,0.9997983564580544),(572,48,88,0.9993754992041572),(573,48,99,0.999366702978105),(574,48,6,0.9985598075074286),(575,48,94,0.998452356890148),(576,48,90,0.9977949657256348),(577,49,103,0.9999799364220505),(578,49,97,0.9999721405978781),(579,49,2,0.9999596214449119),(580,49,87,0.9999286149935059),(581,49,48,0.9998703870263502),(582,49,86,0.9997716222466541),(583,49,99,0.9996868385848934),(584,49,32,0.9996732323675321),(585,49,94,0.9992161580335489),(586,49,88,0.9988349759680498),(587,49,6,0.9987919764110678),(588,49,90,0.9985365700045175),(589,50,11,0.9998376887454362),(590,50,15,0.9995200437332242),(591,50,80,0.9992894842789513),(592,50,27,0.9989557198012864),(593,50,19,0.9989166059758305),(594,50,79,0.9988224634087017),(595,50,60,0.9986199295536063),(596,50,29,0.9978348287361238),(597,50,58,0.9976822786592957),(598,50,35,0.9934504427264369),(599,50,107,0.9913986744754136),(600,50,36,0.9907155451389821),(601,51,42,0.9995209504790138),(602,51,24,0.9941596936569089),(603,51,35,0.9915762147997665),(604,51,29,0.990236011589807),(605,51,58,0.9891416086787752),(606,51,15,0.9847848165768485),(607,51,50,0.9789318397918982),(608,51,80,0.9772546427752485),(609,51,11,0.9761765196773567),(610,51,9,0.9722118989260821),(611,51,79,0.970787472901203),(612,51,19,0.9688987195999337),(613,52,56,0.9999697208260088),(614,52,5,0.9998869545553701),(615,52,7,0.9988681377244373),(616,52,61,0.9967290481146758),(617,52,67,0.9883716976506169),(618,52,64,0.9856222548132667),(619,52,69,0.9856222548132667),(620,52,71,0.9856222548132667),(621,52,106,0.9842369047303207),(622,52,65,0.9842218624756449),(623,52,66,0.9842218624756449),(624,52,72,0.98058067569092),(625,53,28,0.9999690547281971),(626,53,30,0.9999280835123081),(627,53,108,0.9999280835123081),(628,53,95,0.9997808128263328),(629,53,38,0.9996835287554907),(630,53,100,0.99953683100214),(631,53,105,0.9994846037059495),(632,53,63,0.9992676301522901),(633,53,33,0.999255190809127),(634,53,3,0.999072594968391),(635,53,31,0.999038900524923),(636,53,76,0.9989709965561316),(637,54,65,0.9990776399563144),(638,54,66,0.9990776399563144),(639,54,64,0.9986972064181135),(640,54,69,0.9986972064181135),(641,54,71,0.9986972064181135),(642,54,67,0.9976766820818305),(643,54,61,0.9902265051058378),(644,54,101,0.9889933994767666),(645,54,74,0.9883010638926967),(646,54,7,0.985030467155704),(647,54,73,0.9843436660548661),(648,54,5,0.9788993891245904),(649,55,72,0.9999646936289541),(650,55,102,0.9997465522365814),(651,55,106,0.9996077877616751),(652,55,75,0.9969333688229468),(653,55,17,0.9966188228199778),(654,55,12,0.991102914936711),(655,55,26,0.991102914936711),(656,55,43,0.991102914936711),(657,55,45,0.991102914936711),(658,55,93,0.9842806840061888),(659,55,56,0.980458655327085),(660,55,52,0.9788980783828097),(661,56,52,0.9999697208260088),(662,56,5,0.9997396714986286),(663,56,7,0.998467747225554),(664,56,61,0.9960699697588394),(665,56,67,0.9871584820110199),(666,56,106,0.9855833652139843),(667,56,64,0.9842775572966047),(668,56,69,0.9842775572966047),(669,56,71,0.9842775572966047),(670,56,65,0.9828151473990002),(671,56,66,0.9828151473990002),(672,56,72,0.9820771339102744),(673,57,62,0.9998629867775811),(674,57,1,0.9998561381021988),(675,57,92,0.9998372500509198),(676,57,98,0.9996863726962832),(677,57,46,0.9992232188489127),(678,57,47,0.9992232188489127),(679,57,3,0.9991891876376436),(680,57,8,0.9984655250439894),(681,57,95,0.9981502106674573),(682,57,38,0.9980932904308006),(683,57,100,0.9979913818745149),(684,57,104,0.9977581017294465),(685,58,29,0.999482998095256),(686,58,15,0.9990690782691451),(687,58,50,0.9976822786592957),(688,58,11,0.9963613546794262),(689,58,80,0.9955611492660094),(690,58,35,0.994878861904636),(691,58,27,0.9941754592237312),(692,58,19,0.9934575732285043),(693,58,79,0.9933865565035781),(694,58,60,0.9931425417018014),(695,58,42,0.9908978385210365),(696,58,51,0.9891416086787752),(697,59,44,1),(698,59,20,0.9999238008152206),(699,59,21,0.9979253089684582),(700,59,22,0.9979253089684582),(701,59,93,0.9974536693264334),(702,59,12,0.9933457360331985),(703,59,26,0.9933457360331985),(704,59,43,0.9933457360331985),(705,59,45,0.9933457360331985),(706,59,14,0.9929080569001801),(707,59,13,0.9891315765273102),(708,59,17,0.9861437025208725),(709,60,27,0.9999415809235853),(710,60,19,0.9998216356336035),(711,60,79,0.9991894039207984),(712,60,11,0.9991060121596963),(713,60,50,0.9986199295536063),(714,60,80,0.9981060256989869),(715,60,15,0.996513666019689),(716,60,36,0.9962561384857737),(717,60,39,0.9958804631323833),(718,60,107,0.9954746656795621),(719,60,37,0.9943345235392025),(720,60,58,0.9931425417018014),(721,61,7,0.9994449069791543),(722,61,5,0.9978315112768614),(723,61,67,0.9974274148303881),(724,61,52,0.9967290481146758),(725,61,56,0.9960699697588394),(726,61,64,0.996053289348878),(727,61,69,0.996053289348878),(728,61,71,0.996053289348878),(729,61,65,0.9953019798717248),(730,61,66,0.9953019798717248),(731,61,54,0.9902265051058378),(732,61,106,0.9667248171389214),(733,62,1,0.9999151635514819),(734,62,57,0.9998629867775811),(735,62,98,0.9997886591836505),(736,62,92,0.9994497171163529),(737,62,3,0.9985870070551304),(738,62,46,0.9984708044036882),(739,62,47,0.9984708044036882),(740,62,8,0.9975022636374439),(741,62,95,0.9970204511150824),(742,62,38,0.9969373321015977),(743,62,25,0.9969075650395792),(744,62,89,0.996874284365212),(745,63,4,0.9998682663365797),(746,63,83,0.9997519894139529),(747,63,81,0.9996126794357238),(748,63,76,0.9995123516859666),(749,63,33,0.999432444433809),(750,63,31,0.9992722872554791),(751,63,90,0.9992713333954572),(752,63,53,0.9992676301522901),(753,63,84,0.9990749693280926),(754,63,105,0.998949991484853),(755,63,28,0.9989361107746009),(756,63,89,0.9988400495226034),(757,64,69,1.0000000000000002),(758,64,71,1.0000000000000002),(759,64,65,0.999967219563356),(760,64,66,0.999967219563356),(761,64,67,0.9998533031985763),(762,64,54,0.9986972064181135),(763,64,61,0.996053289348878),(764,64,7,0.9925434552766405),(765,64,5,0.9880513567301102),(766,64,52,0.9856222548132667),(767,64,56,0.9842775572966047),(768,64,101,0.9801548125884953),(769,65,66,1),(770,65,64,0.999967219563356),(771,65,69,0.999967219563356),(772,65,71,0.999967219563356),(773,65,67,0.9996818429835848),(774,65,54,0.9990776399563144),(775,65,61,0.9953019798717248),(776,65,7,0.9915239775208115),(777,65,5,0.9867710331538636),(778,65,52,0.9842218624756449),(779,65,56,0.9828151473990002),(780,65,101,0.9817277600899669),(781,66,65,1),(782,66,64,0.999967219563356),(783,66,69,0.999967219563356),(784,66,71,0.999967219563356),(785,66,67,0.9996818429835848),(786,66,54,0.9990776399563144),(787,66,61,0.9953019798717248),(788,66,7,0.9915239775208115),(789,66,5,0.9867710331538636),(790,66,52,0.9842218624756449),(791,66,56,0.9828151473990002),(792,66,101,0.9817277600899669),(793,67,64,0.9998533031985763),(794,67,69,0.9998533031985763),(795,67,71,0.9998533031985763),(796,67,65,0.9996818429835848),(797,67,66,0.9996818429835848),(798,67,54,0.9976766820818305),(799,67,61,0.9974274148303881),(800,67,7,0.9944856197005438),(801,67,5,0.990546282445107),(802,67,52,0.9883716976506169),(803,67,56,0.9871584820110199),(804,67,101,0.9766156612331737),(805,68,24,0.943879807448539),(806,68,9,0.9429357547123421),(807,68,51,0.9360359129916166),(808,68,42,0.9247331871114002),(809,68,91,0.9056241156018815),(810,68,58,0.9043106644167024),(811,68,29,0.8972596901999615),(812,68,85,0.8958387065169703),(813,68,35,0.8861993491709366),(814,68,15,0.8852634050503337),(815,68,82,0.8822358992723929),(816,68,50,0.873689928778602),(817,69,64,1.0000000000000002),(818,69,71,1.0000000000000002),(819,69,65,0.999967219563356),(820,69,66,0.999967219563356),(821,69,67,0.9998533031985763),(822,69,54,0.9986972064181135),(823,69,61,0.996053289348878),(824,69,7,0.9925434552766405),(825,69,5,0.9880513567301102),(826,69,52,0.9856222548132667),(827,69,56,0.9842775572966047),(828,69,101,0.9801548125884953),(829,70,6,0.9979991496365797),(830,70,88,0.9974688872617647),(831,70,86,0.996220484507703),(832,70,32,0.9961779557331433),(833,70,87,0.9952514809677478),(834,70,48,0.9952457743396762),(835,70,49,0.9947906917284828),(836,70,2,0.9946086518453827),(837,70,103,0.9941618166128323),(838,70,97,0.9940021219677738),(839,70,94,0.9929501759521968),(840,70,99,0.9919493494695265),(841,71,64,1.0000000000000002),(842,71,69,1.0000000000000002),(843,71,65,0.999967219563356),(844,71,66,0.999967219563356),(845,71,67,0.9998533031985763),(846,71,54,0.9986972064181135),(847,71,61,0.996053289348878),(848,71,7,0.9925434552766405),(849,71,5,0.9880513567301102),(850,71,52,0.9856222548132667),(851,71,56,0.9842775572966047),(852,71,101,0.9801548125884953),(853,72,55,0.9999646936289541),(854,72,106,0.9998078216567244),(855,72,102,0.9995220773430663),(856,72,75,0.9962405881956828),(857,72,17,0.9958932064677037),(858,72,12,0.9899494936611665),(859,72,26,0.9899494936611665),(860,72,43,0.9899494936611665),(861,72,45,0.9899494936611665),(862,72,93,0.9827618568401952),(863,72,56,0.9820771339102744),(864,72,52,0.98058067569092),(865,73,74,0.9997102738752384),(866,73,101,0.9995887381221084),(867,73,54,0.9843436660548661),(868,73,65,0.9758670944944496),(869,73,66,0.9758670944944496),(870,73,64,0.9740670228457151),(871,73,69,0.9740670228457151),(872,73,71,0.9740670228457151),(873,73,67,0.9700487303938761),(874,73,61,0.9501404826240835),(875,73,7,0.9392247637465558),(876,73,5,0.9275559723260397),(877,74,101,0.9999893819780311),(878,74,73,0.9997102738752384),(879,74,54,0.9883010638926967),(880,74,65,0.9808404290652863),(881,74,66,0.9808404290652863),(882,74,64,0.9792308962842963),(883,74,69,0.9792308962842963),(884,74,71,0.9792308962842963),(885,74,67,0.9756145523727966),(886,74,61,0.9573707837192666),(887,74,7,0.9472159695726095),(888,74,5,0.9362818414668933),(889,75,17,0.9999923107384382),(890,75,12,0.9984791436856528),(891,75,26,0.9984791436856528),(892,75,43,0.9984791436856528),(893,75,45,0.9984791436856528),(894,75,102,0.9984424482501806),(895,75,55,0.9969333688229468),(896,75,72,0.9962405881956828),(897,75,93,0.9950829866522356),(898,75,106,0.9943508388391811),(899,75,20,0.9875061031301204),(900,75,44,0.9854855627156253),(901,76,31,0.9999550001086194),(902,76,33,0.9999546537349093),(903,76,81,0.9999454337693946),(904,76,84,0.9999299296526323),(905,76,89,0.9998502761142116),(906,76,63,0.9995123516859666),(907,76,90,0.999183023533642),(908,76,3,0.9990860118557502),(909,76,53,0.9989709965561316),(910,76,4,0.9989316193686775),(911,76,83,0.9987422751779302),(912,76,28,0.9986657429904505),(913,77,34,0.997936228869066),(914,77,18,0.9973744232500232),(915,77,37,0.9970898709453467),(916,77,39,0.9963402817174045),(917,77,107,0.9959174441899126),(918,77,36,0.9954448989467167),(919,77,96,0.9944963608591615),(920,77,105,0.9930596151342088),(921,77,109,0.992502709015004),(922,77,60,0.9900201699564902),(923,77,100,0.9895330269204785),(924,77,28,0.9894918296229345),(925,78,104,0.9999268158915754),(926,78,8,0.9998785591432208),(927,78,109,0.9996074004670664),(928,78,25,0.9995477539036601),(929,78,46,0.999496597324726),(930,78,47,0.999496597324726),(931,78,100,0.999329121249489),(932,78,38,0.9990981711369868),(933,78,95,0.9988546702963634),(934,78,30,0.9984744496682395),(935,78,108,0.9984744496682395),(936,78,28,0.9982507911729616),(937,79,19,0.9997714734719021),(938,79,80,0.9995621800802209),(939,79,11,0.9995344128662587),(940,79,60,0.9991894039207984),(941,79,27,0.9990006867780584),(942,79,50,0.9988224634087017),(943,79,15,0.9973135412879257),(944,79,107,0.9965000789084411),(945,79,29,0.9944740859129514),(946,79,58,0.9933865565035781),(947,79,36,0.9927048229490588),(948,79,39,0.9924421613774107),(949,80,11,0.9996655387401154),(950,80,79,0.9995621800802209),(951,80,50,0.9992894842789513),(952,80,19,0.9989907462500274),(953,80,15,0.9986944742041887),(954,80,27,0.9981218861358554),(955,80,60,0.9981060256989869),(956,80,29,0.9968808613039533),(957,80,58,0.9955611492660094),(958,80,35,0.9947604305246595),(959,80,107,0.9940768357340671),(960,80,36,0.9892119253785762),(961,81,76,0.9999454337693946),(962,81,84,0.9998291529221216),(963,81,33,0.9998076341503912),(964,81,31,0.9998038139489984),(965,81,89,0.9996723421117881),(966,81,63,0.9996126794357238),(967,81,90,0.9995505922127137),(968,81,4,0.9991724388541925),(969,81,83,0.9990607255640364),(970,81,53,0.9986936682266185),(971,81,3,0.9985857945997431),(972,81,28,0.998312379309458),(973,82,23,0.999515709669298),(974,82,10,0.9990924313010056),(975,82,91,0.9983861630288515),(976,82,25,0.9949699059044094),(977,82,104,0.993363172425458),(978,82,85,0.9930190117398459),(979,82,36,0.9921015923982924),(980,82,78,0.992101132022999),(981,82,27,0.9917735093744043),(982,82,60,0.9908130287747049),(983,82,39,0.9908029198305542),(984,82,8,0.9905647846607764),(985,83,4,0.9999714624642957),(986,83,63,0.9997519894139529),(987,83,94,0.9995066178404403),(988,83,90,0.9993387923561355),(989,83,81,0.9990607255640364),(990,83,76,0.9987422751779302),(991,83,96,0.9986101145743658),(992,83,105,0.9985822148151655),(993,83,99,0.998549834950863),(994,83,33,0.9985047898556971),(995,83,53,0.9983621315221186),(996,83,31,0.9982928714985222),(997,84,89,0.9999713288190056),(998,84,31,0.9999490110312228),(999,84,76,0.9999299296526323),(1000,84,33,0.9998851358278492),(1001,84,81,0.9998291529221216),(1002,84,3,0.9991760499357222),(1003,84,63,0.9990749693280926),(1004,84,90,0.9989436261800972),(1005,84,53,0.9985558748220055),(1006,84,4,0.9983351567813148),(1007,84,28,0.9982502823675314),(1008,84,30,0.9981880894431233),(1009,85,91,0.9959608834512916),(1010,85,23,0.9944107970052455),(1011,85,82,0.9930190117398459),(1012,85,10,0.9923102945706641),(1013,85,9,0.9897133957556229),(1014,85,98,0.9882471471704279),(1015,85,25,0.9870299053495383),(1016,85,1,0.9869286234121771),(1017,85,62,0.9856004377334753),(1018,85,57,0.9841113023667),(1019,85,104,0.9840326489886152),(1020,85,78,0.9818364994119919),(1021,86,32,0.9999852986080776),(1022,86,48,0.9999439145343393),(1023,86,87,0.9999341894104741),(1024,86,2,0.9998318039041487),(1025,86,49,0.9997716222466541),(1026,86,103,0.9996837212827429),(1027,86,88,0.9996376570508847),(1028,86,97,0.9996211432567449),(1029,86,99,0.9990105253595248),(1030,86,6,0.9989438412881609),(1031,86,94,0.9982889102463992),(1032,86,90,0.9972012562151569),(1033,87,48,0.9999906360250042),(1034,87,2,0.9999764115046388),(1035,87,86,0.9999341894104741),(1036,87,49,0.9999286149935059),(1037,87,103,0.9999000553992989),(1038,87,32,0.9998966242765704),(1039,87,97,0.9998608097591947),(1040,87,99,0.9994514420983832),(1041,87,88,0.9992846331332429),(1042,87,6,0.9986959176624828),(1043,87,94,0.998679980471375),(1044,87,90,0.9979723343168388),(1045,88,32,0.999722704562848),(1046,88,86,0.9996376570508847),(1047,88,48,0.9993754992041572),(1048,88,87,0.9992846331332429),(1049,88,2,0.9990103348902812),(1050,88,49,0.9988349759680498),(1051,88,103,0.9986537553225602),(1052,88,6,0.9985533037350808),(1053,88,97,0.998523359744277),(1054,88,99,0.9974909235249693),(1055,88,70,0.9974688872617647),(1056,88,94,0.9965070513314646),(1057,89,84,0.9999713288190056),(1058,89,31,0.9999411948152599),(1059,89,33,0.9998649985442174),(1060,89,76,0.9998502761142116),(1061,89,81,0.9996723421117881),(1062,89,3,0.9994072520568374),(1063,89,63,0.9988400495226034),(1064,89,53,0.998567142129213),(1065,89,90,0.9985670137154774),(1066,89,92,0.9984517806440711),(1067,89,28,0.9983104044361989),(1068,89,30,0.9982837263939983),(1069,90,81,0.9995505922127137),(1070,90,99,0.9995218294245699),(1071,90,83,0.9993387923561355),(1072,90,63,0.9992713333954572),(1073,90,4,0.9992266079466667),(1074,90,76,0.999183023533642),(1075,90,94,0.9991031988293494),(1076,90,84,0.9989436261800972),(1077,90,97,0.9988800416156),(1078,90,33,0.9987771162044073),(1079,90,31,0.9987661436145655),(1080,90,103,0.9987659677794116),(1081,91,82,0.9983861630288515),(1082,91,23,0.997397698388301),(1083,91,85,0.9959608834512916),(1084,91,10,0.995767103304641),(1085,91,9,0.9951537147910111),(1086,91,25,0.9888748178405666),(1087,91,58,0.9869386302050572),(1088,91,104,0.9862540369829146),(1089,91,27,0.9856382858569335),(1090,91,50,0.9846269265980674),(1091,91,98,0.9844521574216276),(1092,91,78,0.9843108471624208),(1093,92,57,0.9998372500509198),(1094,92,3,0.999735001429402),(1095,92,46,0.9994952584663132),(1096,92,47,0.9994952584663132),(1097,92,62,0.9994497171163529),(1098,92,1,0.9993949535983881),(1099,92,98,0.9991041246923357),(1100,92,95,0.9989926845472153),(1101,92,38,0.998905247112551),(1102,92,8,0.9988235231204691),(1103,92,100,0.9987694907374908),(1104,92,30,0.9986527048434722),(1105,93,12,0.9990300162159851),(1106,93,26,0.9990300162159851),(1107,93,43,0.9990300162159851),(1108,93,45,0.9990300162159851),(1109,93,20,0.9982580593275788),(1110,93,44,0.9974536693264334),(1111,93,59,0.9974536693264334),(1112,93,17,0.9954637427426575),(1113,93,75,0.9950829866522356),(1114,93,21,0.9907926817611218),(1115,93,22,0.9907926817611218),(1116,93,102,0.9880072542219839),(1117,94,83,0.9995066178404403),(1118,94,99,0.9992843028555671),(1119,94,97,0.9992695758075141),(1120,94,4,0.9992416070788914),(1121,94,49,0.9992161580335489),(1122,94,103,0.9991777363066243),(1123,94,90,0.9991031988293494),(1124,94,2,0.9988512069703839),(1125,94,87,0.998679980471375),(1126,94,63,0.9986295135455021),(1127,94,48,0.998452356890148),(1128,94,6,0.9984488094649496),(1129,95,38,0.9999833436642261),(1130,95,30,0.9999563035673168),(1131,95,108,0.9999563035673168),(1132,95,100,0.9999259781531329),(1133,95,28,0.9999014529136018),(1134,95,53,0.9997808128263328),(1135,95,46,0.9994765598427215),(1136,95,47,0.9994765598427215),(1137,95,8,0.9993770617438328),(1138,95,3,0.9993117469868182),(1139,95,109,0.999122864741104),(1140,95,92,0.9989926845472153),(1141,96,105,0.9990806325600657),(1142,96,18,0.9988400337013398),(1143,96,4,0.9986788206839261),(1144,96,83,0.9986101145743658),(1145,96,63,0.9980295631962273),(1146,96,94,0.997846308717262),(1147,96,53,0.9974303862918636),(1148,96,28,0.9971529711052541),(1149,96,30,0.9968164142058418),(1150,96,108,0.9968164142058418),(1151,96,34,0.996792743311748),(1152,96,95,0.9960802578321262),(1153,97,103,0.9999964638542059),(1154,97,49,0.9999721405978781),(1155,97,2,0.999941316980441),(1156,97,87,0.9998608097591947),(1157,97,99,0.9998445206972969),(1158,97,48,0.9997983564580544),(1159,97,86,0.9996211432567449),(1160,97,32,0.9995181968554956),(1161,97,94,0.9992695758075141),(1162,97,90,0.9988800416156),(1163,97,88,0.998523359744277),(1164,97,6,0.9984434289019006),(1165,98,1,0.999962070686297),(1166,98,62,0.9997886591836505),(1167,98,57,0.9996863726962832),(1168,98,92,0.9991041246923357),(1169,98,46,0.9986392996949766),(1170,98,47,0.9986392996949766),(1171,98,25,0.9980117098471392),(1172,98,8,0.9979206394362501),(1173,98,3,0.9978800375777788),(1174,98,104,0.9976959635206452),(1175,98,78,0.9973019550899204),(1176,98,38,0.996801840026388),(1177,99,97,0.9998445206972969),(1178,99,103,0.9998082421277117),(1179,99,49,0.9996868385848934),(1180,99,2,0.9996524629436092),(1181,99,90,0.9995218294245699),(1182,99,87,0.9994514420983832),(1183,99,48,0.999366702978105),(1184,99,94,0.9992843028555671),(1185,99,86,0.9990105253595248),(1186,99,32,0.9988813455228989),(1187,99,83,0.998549834950863),(1188,99,4,0.9982042242256041),(1189,100,38,0.9999795477421417),(1190,100,95,0.9999259781531329),(1191,100,30,0.9998268066155385),(1192,100,108,0.9998268066155385),(1193,100,28,0.9997441246655571),(1194,100,8,0.9996652690780792),(1195,100,46,0.9995945681905031),(1196,100,47,0.9995945681905031),(1197,100,109,0.9995386638345828),(1198,100,53,0.99953683100214),(1199,100,78,0.999329121249489),(1200,100,3,0.9989095267317758),(1201,101,74,0.9999893819780311),(1202,101,73,0.9995887381221084),(1203,101,54,0.9889933994767666),(1204,101,65,0.9817277600899669),(1205,101,66,0.9817277600899669),(1206,101,64,0.9801548125884953),(1207,101,69,0.9801548125884953),(1208,101,71,0.9801548125884953),(1209,101,67,0.9766156612331737),(1210,101,61,0.9586917649124708),(1211,101,7,0.9486832980505138),(1212,101,5,0.937890544778756),(1213,102,55,0.9997465522365814),(1214,102,72,0.9995220773430663),(1215,102,106,0.9987239690203135),(1216,102,75,0.9984424482501806),(1217,102,17,0.9982159829412165),(1218,102,12,0.9938481403823379),(1219,102,26,0.9938481403823379),(1220,102,43,0.9938481403823379),(1221,102,45,0.9938481403823379),(1222,102,93,0.9880072542219839),(1223,102,20,0.9771763639228008),(1224,102,56,0.9757813015947653),(1225,103,97,0.9999964638542059),(1226,103,49,0.9999799364220505),(1227,103,2,0.9999665911276985),(1228,103,87,0.9999000553992989),(1229,103,48,0.9998478284143413),(1230,103,99,0.9998082421277117),(1231,103,86,0.9996837212827429),(1232,103,32,0.9995934638601834),(1233,103,94,0.9991777363066243),(1234,103,90,0.9987659677794116),(1235,103,88,0.9986537553225602),(1236,103,6,0.9984643829692375),(1237,104,78,0.9999268158915754),(1238,104,25,0.9998384079637936),(1239,104,8,0.9997471708633294),(1240,104,46,0.9993825966234544),(1241,104,47,0.9993825966234544),(1242,104,109,0.9992133410413591),(1243,104,100,0.9988943616682502),(1244,104,38,0.9986263236731109),(1245,104,95,0.998349369720945),(1246,104,92,0.99787087999696),(1247,104,30,0.9978561765905634),(1248,104,108,0.9978561765905634),(1249,105,53,0.9994846037059495),(1250,105,28,0.9994265178119949),(1251,105,30,0.9992850761960947),(1252,105,108,0.9992850761960947),(1253,105,96,0.9990806325600657),(1254,105,18,0.9989623369841986),(1255,105,63,0.998949991484853),(1256,105,95,0.9989376144084214),(1257,